Problem data parameters:
Name: Arabia14n
Type: CaRSP
Comment: Instances for the CaRSP Problem (Sabry & Goldbarg, 2018)
Dimension: 14
Cars: 5, passengers: 61
Edge Weight Matrices: 
Car: 0
0 708 212 625 251 183 635 528 240 250 579 689 658 583 
708 0 260 726 339 320 709 622 266 287 590 735 803 680 
212 260 0 478 107 66 488 441 67 101 432 517 578 407 
625 726 478 0 283 205 696 634 255 296 613 683 712 570 
251 339 107 283 0 84 507 475 79 117 437 527 586 455 
183 320 66 205 84 0 504 430 74 101 445 525 555 438 
635 709 488 696 507 504 0 621 235 264 662 651 739 557 
528 622 441 634 475 430 621 0 222 239 582 662 768 555 
240 266 67 255 79 74 235 222 0 108 426 516 560 412 
250 287 101 296 117 101 264 239 108 0 436 557 567 432 
579 590 432 613 437 445 662 582 426 436 0 696 627 553 
689 735 517 683 527 525 651 662 516 557 696 0 766 611 
658 803 578 712 586 555 739 768 560 567 627 766 0 604 
583 680 407 570 455 438 557 555 412 432 553 611 604 0 
Car: 1
0 708 212 625 251 183 635 528 240 250 579 689 658 583 
708 0 260 726 339 320 709 622 266 287 590 735 803 680 
212 260 0 478 107 66 488 441 67 101 432 517 578 407 
625 726 478 0 283 205 696 634 255 296 613 683 712 570 
251 339 107 283 0 84 507 475 79 117 437 527 586 455 
183 320 66 205 84 0 504 430 74 101 445 525 555 438 
635 709 488 696 507 504 0 621 235 264 662 651 739 557 
528 622 441 634 475 430 621 0 222 239 582 662 768 555 
240 266 67 255 79 74 235 222 0 108 426 516 560 412 
250 287 101 296 117 101 264 239 108 0 436 557 567 432 
579 590 432 613 437 445 662 582 426 436 0 696 627 553 
689 735 517 683 527 525 651 662 516 557 696 0 766 611 
658 803 578 712 586 555 739 768 560 567 627 766 0 604 
583 680 407 570 455 438 557 555 412 432 553 611 604 0 
Car: 2
0 708 212 625 251 183 635 528 240 250 579 689 658 583 
708 0 260 726 339 320 709 622 266 287 590 735 803 680 
212 260 0 478 107 66 488 441 67 101 432 517 578 407 
625 726 478 0 283 205 696 634 255 296 613 683 712 570 
251 339 107 283 0 84 507 475 79 117 437 527 586 455 
183 320 66 205 84 0 504 430 74 101 445 525 555 438 
635 709 488 696 507 504 0 621 235 264 662 651 739 557 
528 622 441 634 475 430 621 0 222 239 582 662 768 555 
240 266 67 255 79 74 235 222 0 108 426 516 560 412 
250 287 101 296 117 101 264 239 108 0 436 557 567 432 
579 590 432 613 437 445 662 582 426 436 0 696 627 553 
689 735 517 683 527 525 651 662 516 557 696 0 766 611 
658 803 578 712 586 555 739 768 560 567 627 766 0 604 
583 680 407 570 455 438 557 555 412 432 553 611 604 0 
Car: 3
0 708 212 625 251 183 635 528 240 250 579 689 658 583 
708 0 260 726 339 320 709 622 266 287 590 735 803 680 
212 260 0 478 107 66 488 441 67 101 432 517 578 407 
625 726 478 0 283 205 696 634 255 296 613 683 712 570 
251 339 107 283 0 84 507 475 79 117 437 527 586 455 
183 320 66 205 84 0 504 430 74 101 445 525 555 438 
635 709 488 696 507 504 0 621 235 264 662 651 739 557 
528 622 441 634 475 430 621 0 222 239 582 662 768 555 
240 266 67 255 79 74 235 222 0 108 426 516 560 412 
250 287 101 296 117 101 264 239 108 0 436 557 567 432 
579 590 432 613 437 445 662 582 426 436 0 696 627 553 
689 735 517 683 527 525 651 662 516 557 696 0 766 611 
658 803 578 712 586 555 739 768 560 567 627 766 0 604 
583 680 407 570 455 438 557 555 412 432 553 611 604 0 
Car: 4
0 708 212 625 251 183 635 528 240 250 579 689 658 583 
708 0 260 726 339 320 709 622 266 287 590 735 803 680 
212 260 0 478 107 66 488 441 67 101 432 517 578 407 
625 726 478 0 283 205 696 634 255 296 613 683 712 570 
251 339 107 283 0 84 507 475 79 117 437 527 586 455 
183 320 66 205 84 0 504 430 74 101 445 525 555 438 
635 709 488 696 507 504 0 621 235 264 662 651 739 557 
528 622 441 634 475 430 621 0 222 239 582 662 768 555 
240 266 67 255 79 74 235 222 0 108 426 516 560 412 
250 287 101 296 117 101 264 239 108 0 436 557 567 432 
579 590 432 613 437 445 662 582 426 436 0 696 627 553 
689 735 517 683 527 525 651 662 516 557 696 0 766 611 
658 803 578 712 586 555 739 768 560 567 627 766 0 604 
583 680 407 570 455 438 557 555 412 432 553 611 604 0 
Return rate Matrices: 
Car: 0
0 85 126 135 167 66 157 184 104 78 116 86 165 144 
86 0 97 123 145 64 145 148 97 54 96 51 130 147 
98 64 0 124 161 92 168 174 126 63 121 90 172 157 
121 78 149 0 175 112 170 161 124 85 130 98 174 199 
140 82 131 191 0 99 176 198 160 112 135 88 188 186 
85 56 94 120 131 0 157 162 120 63 116 68 151 146 
142 86 119 184 180 122 0 197 146 85 145 95 180 212 
138 94 163 170 173 109 170 0 138 94 134 120 167 177 
116 90 116 136 161 85 145 185 0 71 124 100 157 181 
92 54 94 129 150 62 144 161 97 0 110 63 135 155 
108 78 105 139 164 101 168 160 124 59 0 93 160 172 
94 49 110 130 140 77 148 151 98 61 91 0 119 133 
106 105 147 144 182 116 205 182 163 119 157 111 0 184 
114 114 147 181 169 95 185 203 147 120 163 119 210 0 
Car: 1
0 85 126 135 167 66 157 184 104 78 116 86 165 144 
86 0 97 123 145 64 145 148 97 54 96 51 130 147 
98 64 0 124 161 92 168 174 126 63 121 90 172 157 
121 78 149 0 175 112 170 161 124 85 130 98 174 199 
140 82 131 191 0 99 176 198 160 112 135 88 188 186 
85 56 94 120 131 0 157 162 120 63 116 68 151 146 
142 86 119 184 180 122 0 197 146 85 145 95 180 212 
138 94 163 170 173 109 170 0 138 94 134 120 167 177 
116 90 116 136 161 85 145 185 0 71 124 100 157 181 
92 54 94 129 150 62 144 161 97 0 110 63 135 155 
108 78 105 139 164 101 168 160 124 59 0 93 160 172 
94 49 110 130 140 77 148 151 98 61 91 0 119 133 
106 105 147 144 182 116 205 182 163 119 157 111 0 184 
114 114 147 181 169 95 185 203 147 120 163 119 210 0 
Car: 2
0 85 126 135 167 66 157 184 104 78 116 86 165 144 
86 0 97 123 145 64 145 148 97 54 96 51 130 147 
98 64 0 124 161 92 168 174 126 63 121 90 172 157 
121 78 149 0 175 112 170 161 124 85 130 98 174 199 
140 82 131 191 0 99 176 198 160 112 135 88 188 186 
85 56 94 120 131 0 157 162 120 63 116 68 151 146 
142 86 119 184 180 122 0 197 146 85 145 95 180 212 
138 94 163 170 173 109 170 0 138 94 134 120 167 177 
116 90 116 136 161 85 145 185 0 71 124 100 157 181 
92 54 94 129 150 62 144 161 97 0 110 63 135 155 
108 78 105 139 164 101 168 160 124 59 0 93 160 172 
94 49 110 130 140 77 148 151 98 61 91 0 119 133 
106 105 147 144 182 116 205 182 163 119 157 111 0 184 
114 114 147 181 169 95 185 203 147 120 163 119 210 0 
Car: 3
0 85 126 135 167 66 157 184 104 78 116 86 165 144 
86 0 97 123 145 64 145 148 97 54 96 51 130 147 
98 64 0 124 161 92 168 174 126 63 121 90 172 157 
121 78 149 0 175 112 170 161 124 85 130 98 174 199 
140 82 131 191 0 99 176 198 160 112 135 88 188 186 
85 56 94 120 131 0 157 162 120 63 116 68 151 146 
142 86 119 184 180 122 0 197 146 85 145 95 180 212 
138 94 163 170 173 109 170 0 138 94 134 120 167 177 
116 90 116 136 161 85 145 185 0 71 124 100 157 181 
92 54 94 129 150 62 144 161 97 0 110 63 135 155 
108 78 105 139 164 101 168 160 124 59 0 93 160 172 
94 49 110 130 140 77 148 151 98 61 91 0 119 133 
106 105 147 144 182 116 205 182 163 119 157 111 0 184 
114 114 147 181 169 95 185 203 147 120 163 119 210 0 
Car: 4
0 85 126 135 167 66 157 184 104 78 116 86 165 144 
86 0 97 123 145 64 145 148 97 54 96 51 130 147 
98 64 0 124 161 92 168 174 126 63 121 90 172 157 
121 78 149 0 175 112 170 161 124 85 130 98 174 199 
140 82 131 191 0 99 176 198 160 112 135 88 188 186 
85 56 94 120 131 0 157 162 120 63 116 68 151 146 
142 86 119 184 180 122 0 197 146 85 145 95 180 212 
138 94 163 170 173 109 170 0 138 94 134 120 167 177 
116 90 116 136 161 85 145 185 0 71 124 100 157 181 
92 54 94 129 150 62 144 161 97 0 110 63 135 155 
108 78 105 139 164 101 168 160 124 59 0 93 160 172 
94 49 110 130 140 77 148 151 98 61 91 0 119 133 
106 105 147 144 182 116 205 182 163 119 157 111 0 184 
114 114 147 181 169 95 185 203 147 120 163 119 210 0 
Passenger's limits (car capacities):
(car:0, cap:5) (car:1, cap:4) (car:2, cap:5) (car:3, cap:6) (car:4, cap:5) 
Passengers: 
0 10 31.6841
0 4 31.184
0 3 43.244
0 5 55.9748
0 11 32.9439
1 0 63.7947
1 10 85.1889
1 7 33.7998
1 8 115.029
1 6 34.8883
1 12 90.8649
1 6 37.14
1 9 21.8654
1 3 107.693
2 1 53.9189
2 1 70.0299
2 12 100.897
2 7 29.5044
2 12 122.54
2 1 67.0931
2 4 24.4815
2 3 79.1185
2 10 27.2452
3 7 84.2274
3 8 96.8921
3 12 36.4382
3 9 74.8731
3 2 106.249
4 8 28.56
4 8 31.8063
4 7 117.634
5 7 95.6012
5 13 32.7024
5 6 26.6047
5 10 103.209
7 8 61.4197
7 10 117.687
7 0 63.734
7 4 130.179
7 10 126.767
8 5 44.8895
8 5 35.7267
8 11 34.098
8 4 46.8149
10 0 59.9515
10 0 53.3335
10 6 40.18
10 12 105.14
10 4 40.6158
11 4 103.334
11 12 38.8962
11 1 142.789
11 7 117.34
11 0 70.8095
11 8 55.9342
11 12 27.8388
12 3 57.2695
13 1 105.527
13 12 169.964
13 6 41.8918
13 3 117.585
END
