NAME : BrasilRN16e
TYPE : CaRSP
COMMENT : Instances for the CaRSP Problem (Sabry & Goldbarg, 2018)
DIMENSION : 16
CARS_NUMBER : 2
PASSENGERS_NUMBER : 47
EDGE_WEIGHT : SYMMETRIC
RETURN_RATE : ASYMMETRIC
EDGE_WEIGHT_TYPE : EXPLICIT
EDGE_WEIGHT_FORMAT : FULL_MATRIX
EDGE_WEIGHT_SECTION
0
   0 41 57 32 39 55 66 86 114 79 87 122 104 103 67 51 
  41 0 31 31 77 80 88 118 133 79 105 129 97 82 46 52 
  57 31 0 40 93 91 88 105 131 66 92 122 74 50 17 46 
  32 31 40 0 61 69 66 97 122 66 81 110 91 83 43 36 
  39 77 93 61 0 42 58 81 100 103 94 117 116 134 94 70 
  55 80 91 69 42 0 48 69 94 80 74 115 112 121 82 60 
  66 88 88 66 58 48 0 50 67 60 55 85 88 106 82 45 
  86 118 105 97 81 69 50 0 51 80 46 80 94 120 96 67 
 114 133 131 122 100 94 67 51 0 91 56 77 112 137 116 85 
  79 79 66 66 103 80 60 80 91 0 45 64 38 60 46 32 
  87 105 92 81 94 74 55 46 56 45 0 41 58 88 73 54 
 122 129 122 110 117 115 85 80 77 64 41 0 67 96 89 78 
 104 97 74 91 116 112 88 94 112 38 58 67 0 54 56 53 
 103 82 50 83 134 121 106 120 137 60 88 96 54 0 41 68 
  67 46 17 43 94 82 82 96 116 46 73 89 56 41 0 37 
  51 52 46 36 70 60 45 67 85 32 54 78 53 68 37 0 
1
   0 46 66 32 42 37 55 77 74 78 84 90 87 94 62 49 
  46 0 45 40 73 67 79 96 100 92 100 105 90 79 63 60 
  66 45 0 44 93 77 69 98 98 76 93 90 59 56 32 57 
  32 40 44 0 63 43 55 68 78 68 73 80 68 80 48 45 
  42 73 93 63 0 24 45 63 75 87 86 90 90 111 99 68 
  37 67 77 43 24 0 25 41 48 63 60 79 73 94 76 51 
  55 79 69 55 45 25 0 27 35 54 41 55 55 95 74 46 
  77 96 98 68 63 41 27 0 18 66 37 52 66 105 84 61 
  74 100 98 78 75 48 35 18 0 78 38 48 66 115 99 64 
  78 92 76 68 87 63 54 66 78 0 44 53 25 63 53 35 
  84 100 93 73 86 60 41 37 38 44 0 27 39 91 69 48 
  90 105 90 80 90 79 55 52 48 53 27 0 43 96 88 64 
  87 90 59 68 90 73 55 66 66 25 39 43 0 47 47 42 
  94 79 56 80 111 94 95 105 115 63 91 96 47 0 46 71 
  62 63 32 48 99 76 74 84 99 53 69 88 47 46 0 44 
  49 60 57 45 68 51 46 61 64 35 48 64 42 71 44 0 
RETURN_RATE_SECTION
0
   0 31 23 40 38 27 22 18 17 24 34 27 19 35 35 24 
  54 0 56 68 68 63 58 53 55 63 68 59 55 75 80 64 
  32 45 0 50 51 42 36 33 29 40 47 38 34 48 54 39 
  73 94 85 0 90 84 83 72 71 75 91 85 84 91 97 76 
  73 78 73 89 0 85 66 73 71 71 79 71 71 89 94 77 
  48 61 50 71 59 0 46 46 42 52 69 59 53 64 62 54 
  27 38 29 45 43 34 0 25 24 30 42 31 26 42 47 32 
  20 33 24 35 38 29 20 0 15 22 33 24 22 33 39 23 
  12 25 18 29 27 20 14 12 0 18 30 19 13 29 30 16 
  34 49 37 54 51 43 37 35 33 0 52 41 37 50 48 38 
  69 74 75 92 83 73 73 74 72 74 0 73 68 79 89 79 
  44 55 45 61 56 48 42 39 41 43 60 0 44 61 57 43 
  28 40 33 43 45 36 27 27 22 32 40 32 0 44 43 33 
  69 85 74 94 93 84 68 74 62 68 90 80 76 0 95 78 
  80 94 74 98 93 81 78 78 68 82 100 89 75 88 0 83 
  36 43 38 56 47 44 38 32 32 39 46 41 36 54 52 0 
1
   0 30 42 38 29 35 40 47 28 37 43 44 28 39 35 34 
  22 0 35 27 14 23 25 35 17 23 31 31 18 31 20 25 
  67 65 0 66 58 62 71 75 69 63 77 73 62 74 61 74 
  52 41 59 0 38 47 47 59 42 50 59 56 45 53 49 46 
  16 10 24 18 0 16 17 24 11 14 22 24 11 21 12 17 
  35 31 48 39 31 0 34 44 31 37 44 44 28 41 32 34 
  41 37 50 47 33 43 0 48 38 44 47 49 35 45 41 45 
  71 62 74 75 59 65 64 0 58 69 71 73 59 74 62 71 
  20 17 31 24 14 23 23 34 0 21 28 35 18 29 20 23 
  33 32 43 39 31 33 36 42 32 0 41 49 33 40 32 40 
  65 59 68 71 55 60 67 69 60 65 0 71 57 71 63 66 
  68 69 74 72 58 68 70 86 69 70 82 0 58 73 70 74 
  20 16 34 27 15 22 26 31 17 20 32 35 0 29 20 23 
  55 54 69 62 47 52 59 64 54 56 61 71 46 0 55 53 
  27 24 41 34 20 29 28 40 25 29 38 39 23 33 0 33 
  39 38 54 47 37 41 40 56 34 40 54 49 37 50 37 0 
PASSENGERS_LIMIT
5 4 
ORIGINS_DESTINATIONS_AND_FINANCIAL_LIMITS
0 1 16.599041
0 10 30.450039
0 8 32.369442
1 13 28.163597
1 11 55.087997
1 6 35.771812
1 5 24.860334
1 14 18.489681
1 12 30.430304
3 9 21.274319
3 2 20.570396
3 11 41.339584
4 11 47.314857
5 1 48.825996
5 9 35.674545
6 10 17.870325
6 12 21.555843
7 13 38.149261
7 5 27.639503
7 8 7.505231
8 9 34.895260
8 15 33.766869
8 13 57.380100
8 9 33.979713
8 0 38.537281
8 13 41.990032
8 1 60.998463
8 13 54.920174
10 2 44.556683
11 8 32.839100
11 13 32.950371
11 3 51.737778
11 4 47.204041
11 10 19.012264
11 13 32.927357
12 15 18.525597
12 15 22.559999
12 2 34.568302
12 10 26.884871
13 6 57.777077
13 11 51.288422
13 12 35.022697
13 9 40.413494
13 9 44.138836
15 8 38.202515
15 10 28.996330
15 9 23.749407

EOF
